1.156E-07
0.000000148
2.993E-07
1.514E-07
6.13E-08
2.89E-08
1.445E-07
5.78E-08
5.78E-08
1.445E-07
0
2.312E-07
5.78E-08
0
1.445E-07
1.445E-07
2.89E-08
2.704E-07
2.89E-08
2.89E-08
1.156E-07
1.156E-07
2.601E-07
1.156E-07
5.05E-07
1.514E-07
1.445E-07
2.381E-07
0
1.832E-07
2.665E-07
1.62E-08
8.1E-09
3.6E-07
2.138E-07
7.57E-08
1.301E-07
2.601E-07
9.65E-08
2.993E-07
1.781E-07
1.845E-07
1.445E-07
0
3.38E-07
1.289E-07
9.65E-08
9.65E-08
3.277E-07
0.000000193
1.445E-07
2.525E-07
6.218E-07
4.948E-07
1.849E-07
0.000000122
1.156E-07
1.28E-08
1.849E-07
1.62E-08
3.7E-08
5.78E-08
1.514E-07
3.664E-07
1.1437E-06
0
1.352E-07
9.245E-07
0.000000122
1.849E-07
7.57E-08
0.000000193
1.156E-07
3.6E-07
3.329E-07
1.445E-07
2.601E-07
1.225E-07
6.4E-09
3.889E-07
1.301E-07
1.301E-07
1.62E-08
1.1285E-06
3.88E-08
3.613E-07
6.4E-09
2.525E-07
1E-07
5.05E-07
2.138E-07
5.78E-08
1.156E-07
1.45E-08
6.4E-09
1.62E-08
3.53E-08
1.289E-07
9.14E-08
3.7E-08
7.57E-08
2.89E-08
3.53E-08
1.237E-07
2.993E-07
2.44E-07
3.889E-07
9.14E-08
1.445E-07
9.65E-08
3.7E-08
0.000000122
9.65E-08
1.445E-07
0.000000122
2.138E-07
1.237E-07
1.445E-07
9.14E-08
1.845E-07
3.7E-08
5.78E-08
6.89E-08
7.225E-07
2.138E-07
4.05E-08
4.276E-07
3.7E-08
1.849E-07
1.849E-07
2.088E-07
3.681E-07
4.225E-07
2.704E-07
1.306E-07
0
3.226E-07
3.005E-07
3.005E-07
7.328E-07
9.65E-08
5.449E-07
4.825E-07
6.76E-08
4.825E-07
2.474E-07
1.28E-08
1.301E-07
1.237E-07
8.1E-09
8.1E-09
5.78E-08
3.7E-08
5.78E-08
2.525E-07
9.49E-08
6.76E-08
5.78E-08
3.53E-08
1.62E-08
9.65E-08
3.698E-07
0.000000193
3.53E-08
2.89E-08
3.664E-07
5.437E-07
1.352E-07
3.53E-08
3.53E-08
5.78E-08
6.4E-09
7.57E-08
9.65E-08
1.901E-07
3.38E-07
6.25E-08
7.06E-08
3.329E-07
5.929E-07
1.445E-07
2.138E-07
2.768E-07
1.901E-07
1.913E-07
4.276E-07
3.681E-07
6.76E-08
1.781E-07
1.764E-07
6.89E-08
2.381E-07
1.352E-07
1.237E-07
6.13E-08
1.156E-07
1.445E-07
5.78E-08
7.4E-08
7.4E-08
0.000000193
3.7E-08
2.138E-07
6.25E-08
1.828E-07
2.89E-08
1E-07
6.4E-09
0.000000037
1.445E-07
2.138E-07
5.3E-07
1.849E-07
1.832E-07
2.768E-07
3.681E-07
6.4E-09
6.76E-08
2.89E-08
3.53E-08
2.682E-07
1.156E-07
9.14E-08
2.053E-07
6.89E-08
3.277E-07
3.7E-08
7.57E-08
1.301E-07
1.514E-07
1.28E-08
2.89E-07
1.301E-07
3.7E-08
1.832E-07
2.474E-07
3.681E-07
6.76E-08
2.525E-07
7.4E-08
3.889E-07
2.525E-07
1.289E-07
1.01E-06
1.301E-07
1.225E-07
2.89E-07
1.45E-08
2.381E-07
9.65E-08
3.7E-08
1.45E-08
7.57E-08
4.948E-07
2.89E-07
1.237E-07
3.53E-08
6.218E-07
2.89E-08
9.65E-08
3.7E-08
2.601E-07
1.849E-07
4.225E-07
0.000000125
1.156E-07
6.25E-08
9.65E-08
8.1E-09
0.000000122
7.57E-08
2.89E-07
4.45E-07
1.901E-07
1.301E-07
1.445E-07
5.929E-07
1.832E-07
4.756E-07
7.57E-08
6.605E-07
1.781E-07
4.225E-07
2.525E-07
2.525E-07
1.445E-07
2.088E-07
2.45E-07
1.849E-07
6.13E-08
1.45E-08
3.277E-07
2.89E-08
1.237E-07
0.000000037
1.764E-07
0.000000037
6.76E-08
3.277E-07
1.514E-07
1.849E-07
2.474E-07
1.445E-07
3.53E-08
6.4E-09
3.074E-07
3.7E-08
8.1E-09
3.005E-07
2.89E-08
5.449E-07
