
    0.010000     5.000000    -0.200000
    0.020000     4.998000    -0.399920
    0.030000     4.994001    -0.599680
    0.040000     4.988004    -0.799200
    0.050000     4.980012    -0.998401
    0.060000     4.970028    -1.197202
    0.070000     4.958056    -1.395524
    0.080000     4.944101    -1.593288
    0.090000     4.928168    -1.790415
    0.100000     4.910264    -1.986825
    0.110000     4.890395    -2.182441
    0.120000     4.868571    -2.377184
    0.130000     4.844799    -2.570976
    0.140000     4.819089    -2.763740
    0.150000     4.791452    -2.955398
    0.160000     4.761898    -3.145874
    0.170000     4.730439    -3.335091
    0.180000     4.697088    -3.522975
    0.190000     4.661859    -3.709449
    0.200000     4.624764    -3.894440
    0.210000     4.585820    -4.077872
    0.220000     4.545041    -4.259674
    0.230000     4.502444    -4.439772
    0.240000     4.458047    -4.618094
    0.250000     4.411866    -4.794568
    0.260000     4.363920    -4.969125
    0.270000     4.314229    -5.141694
    0.280000     4.262812    -5.312207
    0.290000     4.209690    -5.480594
    0.300000     4.154884    -5.646790
    0.310000     4.098416    -5.810726
    0.320000     4.040309    -5.972339
    0.330000     3.980585    -6.131562
    0.340000     3.919270    -6.288333
    0.350000     3.856386    -6.442588
    0.360000     3.791960    -6.594267
    0.370000     3.726018    -6.743307
    0.380000     3.658585    -6.889651
    0.390000     3.589688    -7.033238
    0.400000     3.519356    -7.174013
    0.410000     3.447616    -7.311917
    0.420000     3.374496    -7.446897
    0.430000     3.300028    -7.578898
    0.440000     3.224239    -7.707868
    0.450000     3.147160    -7.833754
    0.460000     3.068822    -7.956507
    0.470000     2.989257    -8.076077
    0.480000     2.908496    -8.192417
    0.490000     2.826572    -8.305480
    0.500000     2.743518    -8.415221
    0.510000     2.659365    -8.521595
    0.520000     2.574149    -8.624561
    0.530000     2.487904    -8.724077
    0.540000     2.400663    -8.820104
    0.550000     2.312462    -8.912602
    0.560000     2.223336    -9.001536
    0.570000     2.133321    -9.086869
    0.580000     2.042452    -9.168567
    0.590000     1.950766    -9.246597
    0.600000     1.858300    -9.320929
    0.610000     1.765091    -9.391533
    0.620000     1.671176    -9.458380
    0.630000     1.576592    -9.521444
    0.640000     1.481377    -9.580699
    0.650000     1.385570    -9.636122
    0.660000     1.289209    -9.687690
    0.670000     1.192332    -9.735383
    0.680000     1.094978    -9.779182
    0.690000     0.997187    -9.819070
    0.700000     0.898996    -9.855030
    0.710000     0.800446    -9.887048
    0.720000     0.701575    -9.915111
    0.730000     0.602424    -9.939208
    0.740000     0.503032    -9.959329
    0.750000     0.403439    -9.975466
    0.760000     0.303684    -9.987614
    0.770000     0.203808    -9.995766
    0.780000     0.103850    -9.999920
    0.790000     0.003851   -10.000074
    0.800000    -0.096150    -9.996228
    0.810000    -0.196112    -9.988384
    0.820000    -0.295996    -9.976544
    0.830000    -0.395761    -9.960713
    0.840000    -0.495368    -9.940899
    0.850000    -0.594777    -9.917107
    0.860000    -0.693949    -9.889350
    0.870000    -0.792842    -9.857636
    0.880000    -0.891418    -9.821979
    0.890000    -0.989638    -9.782394
    0.900000    -1.087462    -9.738895
    0.910000    -1.184851    -9.691501
    0.920000    -1.281766    -9.640230
    0.930000    -1.378168    -9.585104
    0.940000    -1.474019    -9.526143
    0.950000    -1.569281    -9.463372
    0.960000    -1.663915    -9.396815
    0.970000    -1.757883    -9.326500
    0.980000    -1.851148    -9.252454
    0.990000    -1.943672    -9.174707
    1.000000    -2.035419    -9.093290
    1.010000    -2.126352    -9.008236
    1.020000    -2.216435    -8.919579
    1.030000    -2.305630    -8.827354
    1.040000    -2.393904    -8.731597
    1.050000    -2.481220    -8.632349
    1.060000    -2.567543    -8.529647
    1.070000    -2.652840    -8.423533
    1.080000    -2.737075    -8.314050
    1.090000    -2.820216    -8.201242
    1.100000    -2.902228    -8.085153
    1.110000    -2.983080    -7.965829
    1.120000    -3.062738    -7.843320
    1.130000    -3.141171    -7.717673
    1.140000    -3.218348    -7.588939
    1.150000    -3.294237    -7.457170
    1.160000    -3.368809    -7.322417
    1.170000    -3.442033    -7.184736
    1.180000    -3.513880    -7.044181
    1.190000    -3.584322    -6.900808
    1.200000    -3.653330    -6.754675
    1.210000    -3.720877    -6.605839
    1.220000    -3.786935    -6.454362
    1.230000    -3.851479    -6.300303
    1.240000    -3.914482    -6.143724
    1.250000    -3.975919    -5.984687
    1.260000    -4.035766    -5.823256
    1.270000    -4.093999    -5.659496
    1.280000    -4.150594    -5.493473
    1.290000    -4.205528    -5.325251
    1.300000    -4.258781    -5.154900
    1.310000    -4.310330    -4.982487
    1.320000    -4.360155    -4.808081
    1.330000    -4.408236    -4.631751
    1.340000    -4.454553    -4.453569
    1.350000    -4.499089    -4.273606
    1.360000    -4.541825    -4.091933
    1.370000    -4.582744    -3.908623
    1.380000    -4.621830    -3.723750
    1.390000    -4.659068    -3.537387
    1.400000    -4.694442    -3.349609
    1.410000    -4.727938    -3.160492
    1.420000    -4.759543    -2.970110
    1.430000    -4.789244    -2.778540
    1.440000    -4.817029    -2.585859
    1.450000    -4.842888    -2.392144
    1.460000    -4.866809    -2.197471
    1.470000    -4.888784    -2.001920
    1.480000    -4.908803    -1.805568
    1.490000    -4.926859    -1.608493
    1.500000    -4.942944    -1.410776
    1.510000    -4.957052    -1.212494
    1.520000    -4.969177    -1.013726
    1.530000    -4.979314    -0.814554
    1.540000    -4.987459    -0.615056
    1.550000    -4.993610    -0.415311
    1.560000    -4.997763    -0.215401
    1.570000    -4.999917    -0.015404
    1.580000    -5.000071     0.184599
    1.590000    -4.998225     0.384528
    1.600000    -4.994380     0.584303
    1.610000    -4.988537     0.783845
    1.620000    -4.980698     0.983073
    1.630000    -4.970868     1.181907
    1.640000    -4.959049     1.380269
    1.650000    -4.945246     1.578079
    1.660000    -4.929465     1.775258
    1.670000    -4.911712     1.971726
    1.680000    -4.891995     2.167406
    1.690000    -4.870321     2.362219
    1.700000    -4.846699     2.556087
    1.710000    -4.821138     2.748932
    1.720000    -4.793649     2.940678
    1.730000    -4.764242     3.131248
    1.740000    -4.732930     3.320565
    1.750000    -4.699724     3.508554
    1.760000    -4.664638     3.695140
    1.770000    -4.627687     3.880247
    1.780000    -4.588884     4.063802
    1.790000    -4.548246     4.245732
    1.800000    -4.505789     4.425964
    1.810000    -4.461529     4.604425
    1.820000    -4.415485     4.781044
    1.830000    -4.367675     4.955751
    1.840000    -4.318117     5.128476
    1.850000    -4.266833     5.299149
    1.860000    -4.213841     5.467703
    1.870000    -4.159164     5.634070
    1.880000    -4.102823     5.798183
    1.890000    -4.044841     5.959976
    1.900000    -3.985242     6.119386
    1.910000    -3.924048     6.276348
    1.920000    -3.861284     6.430799
    1.930000    -3.796976     6.582678
    1.940000    -3.731150     6.731924
    1.950000    -3.663830     6.878477
    1.960000    -3.595046     7.022279
    1.970000    -3.524823     7.163272
    1.980000    -3.453190     7.301400
    1.990000    -3.380176     7.436607
    2.000000    -3.305810     7.568839
    2.010000    -3.230122     7.698044
    2.020000    -3.153141     7.824170
    2.030000    -3.074899     7.947166
    2.040000    -2.995428     8.066983
    2.050000    -2.914758     8.183573
    2.060000    -2.832922     8.296890
    2.070000    -2.749953     8.406888
    2.080000    -2.665884     8.513523
    2.090000    -2.580749     8.616753
    2.100000    -2.494582     8.716537
    2.110000    -2.407416     8.812833
    2.120000    -2.319288     8.905605
    2.130000    -2.230232     8.994814
    2.140000    -2.140284     9.080426
    2.150000    -2.049480     9.162405
    2.160000    -1.957856     9.240719
    2.170000    -1.865448     9.315337
    2.180000    -1.772295     9.386229
    2.190000    -1.678433     9.453366
    2.200000    -1.583899     9.516722
    2.210000    -1.488732     9.576271
    2.220000    -1.392969     9.631990
    2.230000    -1.296649     9.683856
    2.240000    -1.199811     9.731848
    2.250000    -1.102492     9.775948
    2.260000    -1.004733     9.816137
    2.270000    -0.906571     9.852400
    2.280000    -0.808047     9.884722
    2.290000    -0.709200     9.913090
    2.300000    -0.610069     9.937493
    2.310000    -0.510694     9.957921
    2.320000    -0.411115     9.974365
    2.330000    -0.311371     9.986820
    2.340000    -0.211503     9.995280
    2.350000    -0.111550     9.999742
    2.360000    -0.011553    10.000204
    2.370000     0.088449     9.996666
    2.380000     0.188416     9.989130
    2.390000     0.288307     9.977597
    2.400000     0.388083     9.962074
    2.410000     0.487704     9.942566
    2.420000     0.587129     9.919081
    2.430000     0.686320     9.891628
    2.440000     0.785237     9.860219
    2.450000     0.883839     9.824865
    2.460000     0.982087     9.785582
    2.470000     1.079943     9.742384
    2.480000     1.177367     9.695289
    2.490000     1.274320     9.644316
    2.500000     1.370763     9.589486
    2.510000     1.466658     9.530819
    2.520000     1.561966     9.468341
    2.530000     1.656650     9.402075
    2.540000     1.750670     9.332048
    2.550000     1.843991     9.258288
    2.560000     1.936574     9.180825
    2.570000     2.028382     9.099690
    2.580000     2.119379     9.014915
    2.590000     2.209528     8.926534
    2.600000     2.298793     8.834582
    2.610000     2.387139     8.739097
    2.620000     2.474530     8.640115
    2.630000     2.560931     8.537678
    2.640000     2.646308     8.431826
    2.650000     2.730626     8.322601
    2.660000     2.813852     8.210047
    2.670000     2.895953     8.094209
    2.680000     2.976895     7.975133
    2.690000     3.056646     7.852867
    2.700000     3.135175     7.727460
    2.710000     3.212449     7.598962
    2.720000     3.288439     7.467424
    2.730000     3.363113     7.332900
    2.740000     3.436442     7.195442
    2.750000     3.508397     7.055106
    2.760000     3.578948     6.911948
    2.770000     3.648067     6.766026
    2.780000     3.715728     6.617397
    2.790000     3.781901     6.466121
    2.800000     3.846563     6.312258
    2.810000     3.909685     6.155871
    2.820000     3.971244     5.997021
    2.830000     4.031214     5.835772
    2.840000     4.089572     5.672189
    2.850000     4.146294     5.506338
    2.860000     4.201357     5.338283
    2.870000     4.254740     5.168094
    2.880000     4.306421     4.995837
    2.890000     4.356379     4.821582
    2.900000     4.404595     4.645398
    2.910000     4.451049     4.467356
    2.920000     4.495723     4.287527
    2.930000     4.538598     4.105983
    2.940000     4.579658     3.922797
    2.950000     4.618886     3.738041
    2.960000     4.656266     3.551791
    2.970000     4.691784     3.364119
    2.980000     4.725425     3.175102
    2.990000     4.757176     2.984815
    3.000000     4.787024     2.793334
    3.010000     4.814958     2.600736
    3.020000     4.840965     2.407098
    3.030000     4.865036     2.212496
    3.040000     4.887161     2.017010
    3.050000     4.907331     1.820716
    3.060000     4.925538     1.623695
    3.070000     4.941775     1.426024
    3.080000     4.956036     1.227782
    3.090000     4.968313     1.029050
    3.100000     4.978604     0.829906
    3.110000     4.986903     0.630430
    3.120000     4.993207     0.430701
    3.130000     4.997514     0.230801
    3.140000     4.999822     0.030808
    3.150000     5.000130    -0.169197
    3.160000     4.998438    -0.369135
    3.170000     4.994747    -0.568925
    3.180000     4.989058    -0.768487
    3.190000     4.981373    -0.967742
    3.200000     4.971695    -1.166610
    3.210000     4.960029    -1.365011
    3.220000     4.946379    -1.562866
    3.230000     4.930751    -1.760096
    3.240000     4.913150    -1.956622
    3.250000     4.893583    -2.152366
    3.260000     4.872060    -2.347248
    3.270000     4.848587    -2.541191
    3.280000     4.823175    -2.734118
    3.290000     4.795834    -2.925952
    3.300000     4.766575    -3.116615
    3.310000     4.735409    -3.306031
    3.320000     4.702348    -3.494125
    3.330000     4.667407    -3.680821
    3.340000     4.630599    -3.866045
    3.350000     4.591938    -4.049723
    3.360000     4.551441    -4.231780
    3.370000     4.509123    -4.412145
    3.380000     4.465002    -4.590745
    3.390000     4.419094    -4.767509
    3.400000     4.371419    -4.942366
    3.410000     4.321996    -5.115246
    3.420000     4.270843    -5.286080
    3.430000     4.217982    -5.454799
    3.440000     4.163434    -5.621336
    3.450000     4.107221    -5.785625
    3.460000     4.049365    -5.947600
    3.470000     3.989889    -6.107195
    3.480000     3.928817    -6.264348
    3.490000     3.866173    -6.418995
    3.500000     3.801983    -6.571074
    3.510000     3.736273    -6.720525
    3.520000     3.669067    -6.867288
    3.530000     3.600394    -7.011303
    3.540000     3.530281    -7.152515
    3.550000     3.458756    -7.290865
    3.560000     3.385848    -7.426299
    3.570000     3.311585    -7.558762
    3.580000     3.235997    -7.688202
    3.590000     3.159115    -7.814567
    3.600000     3.080969    -7.937806
    3.610000     3.001591    -8.057869
    3.620000     2.921013    -8.174710
    3.630000     2.839266    -8.288280
    3.640000     2.756383    -8.398536
    3.650000     2.672397    -8.505432
    3.660000     2.587343    -8.608925
    3.670000     2.501254    -8.708975
    3.680000     2.414164    -8.805542
    3.690000     2.326109    -8.898586
    3.700000     2.237123    -8.988071
    3.710000     2.147242    -9.073961
    3.720000     2.056502    -9.156221
    3.730000     1.964940    -9.234819
    3.740000     1.872592    -9.309722
    3.750000     1.779495    -9.380902
    3.760000     1.685686    -9.448329
    3.770000     1.591202    -9.511978
    3.780000     1.496083    -9.571821
    3.790000     1.400365    -9.627835
    3.800000     1.304086    -9.679999
    3.810000     1.207286    -9.728290
    3.820000     1.110003    -9.772691
    3.830000     1.012276    -9.813182
    3.840000     0.914145    -9.849747
    3.850000     0.815647    -9.882373
    3.860000     0.716823    -9.911046
    3.870000     0.617713    -9.935755
    3.880000     0.518355    -9.956489
    3.890000     0.418790    -9.973241
    3.900000     0.319058    -9.986003
    3.910000     0.219198    -9.994771
    3.920000     0.119250    -9.999541
    3.930000     0.019255   -10.000311
    3.940000    -0.080748    -9.997081
    3.950000    -0.180719    -9.989852
    3.960000    -0.280618    -9.978628
    3.970000    -0.380404    -9.963411
    3.980000    -0.480038    -9.944210
    3.990000    -0.579480    -9.921031
    4.000000    -0.678690    -9.893883
    4.010000    -0.777629    -9.862778
    4.020000    -0.876257    -9.827728
    4.030000    -0.974534    -9.788746
    4.040000    -1.072422    -9.745849
    4.050000    -1.169880    -9.699054
    4.060000    -1.266871    -9.648379
    4.070000    -1.363355    -9.593845
    4.080000    -1.459293    -9.535473
    4.090000    -1.554648    -9.473288
    4.100000    -1.649381    -9.407312
    4.110000    -1.743454    -9.337574
    4.120000    -1.836829    -9.264101
    4.130000    -1.929470    -9.186922
    4.140000    -2.021340    -9.106069
    4.150000    -2.112400    -9.021573
    4.160000    -2.202616    -8.933468
    4.170000    -2.291951    -8.841790
    4.180000    -2.380369    -8.746575
    4.190000    -2.467834    -8.647862
    4.200000    -2.554313    -8.545689
    4.210000    -2.639770    -8.440098
    4.220000    -2.724171    -8.331132
    4.230000    -2.807482    -8.218832
    4.240000    -2.889671    -8.103246
    4.250000    -2.970703    -7.984417
    4.260000    -3.050547    -7.862396
    4.270000    -3.129171    -7.737229
    4.280000    -3.206543    -7.608967
    4.290000    -3.282633    -7.477662
    4.300000    -3.357410    -7.343365
    4.310000    -3.430843    -7.206131
    4.320000    -3.502905    -7.066015
    4.330000    -3.573565    -6.923073
    4.340000    -3.642796    -6.777361
    4.350000    -3.710569    -6.628938
    4.360000    -3.776859    -6.477864
    4.370000    -3.841637    -6.324198
    4.380000    -3.904879    -6.168003
    4.390000    -3.966559    -6.009341
    4.400000    -4.026653    -5.848275
    4.410000    -4.085135    -5.684869
    4.420000    -4.141984    -5.519190
    4.430000    -4.197176    -5.351303
    4.440000    -4.250689    -5.181275
    4.450000    -4.302502    -5.009175
    4.460000    -4.352593    -4.835071
    4.470000    -4.400944    -4.659034
    4.480000    -4.447535    -4.481132
    4.490000    -4.492346    -4.301438
    4.500000    -4.535360    -4.120024
    4.510000    -4.576560    -3.936962
    4.520000    -4.615930    -3.752324
    4.530000    -4.653453    -3.566186
    4.540000    -4.689115    -3.378622
    4.550000    -4.722901    -3.189706
    4.560000    -4.754798    -2.999514
    4.570000    -4.784794    -2.808122
    4.580000    -4.812875    -2.615607
    4.590000    -4.839031    -2.422046
    4.600000    -4.863251    -2.227516
    4.610000    -4.885527    -2.032095
    4.620000    -4.905847    -1.835861
    4.630000    -4.924206    -1.638892
    4.640000    -4.940595    -1.441269
    4.650000    -4.955008    -1.243068
    4.660000    -4.967438    -1.044371
    4.670000    -4.977882    -0.845256
    4.680000    -4.986335    -0.645802
    4.690000    -4.992793    -0.446090
    4.700000    -4.997254    -0.246200
    4.710000    -4.999716    -0.046212
    4.720000    -5.000178     0.153795
    4.730000    -4.998640     0.353741
    4.740000    -4.995102     0.553545
    4.750000    -4.989567     0.753128
    4.760000    -4.982036     0.952409
    4.770000    -4.972511     1.151310
    4.780000    -4.960998     1.349750
    4.790000    -4.947501     1.547650
    4.800000    -4.932024     1.744931
    4.810000    -4.914575     1.941514
    4.820000    -4.895160     2.137320
    4.830000    -4.873787     2.332271
    4.840000    -4.850464     2.526290
    4.850000    -4.825201     2.719298
    4.860000    -4.798008     2.911218
    4.870000    -4.768896     3.101974
    4.880000    -4.737876     3.291489
    4.890000    -4.704961     3.479688
    4.900000    -4.670164     3.666494
    4.910000    -4.633500     3.851834
    4.920000    -4.594981     4.035634
    4.930000    -4.554625     4.217819
    4.940000    -4.512447     4.398316
    4.950000    -4.468463     4.577055
    4.960000    -4.422693     4.753963
    4.970000    -4.375153     4.928969
    4.980000    -4.325864     5.102003
    4.990000    -4.274844     5.272997
    5.000000    -4.222114     5.441882
    5.010000    -4.167695     5.608589
    5.020000    -4.111609     5.773054
    5.030000    -4.053878     5.935209
    5.040000    -3.994526     6.094990
    5.050000    -3.933576     6.252333
    5.060000    -3.871053     6.407175
    5.070000    -3.806981     6.559454
    5.080000    -3.741387     6.709110
    5.090000    -3.674296     6.856082
    5.100000    -3.605735     7.000311
    5.110000    -3.535732     7.141740
    5.120000    -3.464314     7.280313
    5.130000    -3.391511     7.415973
    5.140000    -3.317351     7.548667
    5.150000    -3.241865     7.678342
    5.160000    -3.165081     7.804945
    5.170000    -3.087032     7.928427
    5.180000    -3.007748     8.048736
    5.190000    -2.927260     8.165827
    5.200000    -2.845602     8.279651
    5.210000    -2.762806     8.390163
    5.220000    -2.678904     8.497319
    5.230000    -2.593931     8.601077
    5.240000    -2.507920     8.701393
    5.250000    -2.420906     8.798230
    5.260000    -2.332924     8.891547
    5.270000    -2.244008     8.981307
    5.280000    -2.154195     9.067475
    5.290000    -2.063520     9.150016
    5.300000    -1.972020     9.228896
    5.310000    -1.879731     9.304086
    5.320000    -1.786690     9.375553
    5.330000    -1.692935     9.443271
    5.340000    -1.598502     9.507211
    5.350000    -1.503430     9.567348
    5.360000    -1.407757     9.623658
    5.370000    -1.311520     9.676119
    5.380000    -1.214759     9.724709
    5.390000    -1.117512     9.769410
    5.400000    -1.019818     9.810202
    5.410000    -0.921716     9.847071
    5.420000    -0.823245     9.880001
    5.430000    -0.724445     9.908979
    5.440000    -0.625355     9.933993
    5.450000    -0.526015     9.955034
    5.460000    -0.426465     9.972092
    5.470000    -0.326744     9.985162
    5.480000    -0.226892     9.994238
    5.490000    -0.126950     9.999316
    5.500000    -0.026957    10.000394
    5.510000     0.073047     9.997472
    5.520000     0.173022     9.990551
    5.530000     0.272927     9.979634
    5.540000     0.372724     9.964725
    5.550000     0.472371     9.945830
    5.560000     0.571829     9.922957
    5.570000     0.671059     9.896115
    5.580000     0.770020     9.865314
    5.590000     0.868673     9.830567
    5.600000     0.966979     9.791888
    5.610000     1.064898     9.749292
    5.620000     1.162391     9.702796
    5.630000     1.259419     9.652419
    5.640000     1.355943     9.598182
    5.650000     1.451925     9.540105
    5.660000     1.547326     9.478212
    5.670000     1.642108     9.412527
    5.680000     1.736233     9.343078
    5.690000     1.829664     9.269892
    5.700000     1.922363     9.192997
    5.710000     2.014293     9.112425
    5.720000     2.105417     9.028209
    5.730000     2.195699     8.940381
    5.740000     2.285103     8.848977
    5.750000     2.373593     8.754033
    5.760000     2.461133     8.655588
    5.770000     2.547689     8.553680
    5.780000     2.633226     8.448351
    5.790000     2.717709     8.339643
    5.800000     2.801106     8.227598
    5.810000     2.883382     8.112263
    5.820000     2.964504     7.993683
    5.830000     3.044441     7.871905
    5.840000     3.123160     7.746979
    5.850000     3.200630     7.618954
    5.860000     3.276819     7.487881
    5.870000     3.351698     7.353813
    5.880000     3.425236     7.216804
    5.890000     3.497404     7.076907
    5.900000     3.568173     6.934181
    5.910000     3.637515     6.788680
    5.920000     3.705402     6.640464
    5.930000     3.771807     6.489592
    5.940000     3.836703     6.336123
    5.950000     3.900064     6.180121
    5.960000     3.961865     6.021646
    5.970000     4.022081     5.860763
    5.980000     4.080689     5.697535
    5.990000     4.137664     5.532029
    6.000000     4.192985     5.364310
    6.010000     4.246628     5.194444
    6.020000     4.298572     5.022502
    6.030000     4.348797     4.848550
    6.040000     4.397283     4.672658
    6.050000     4.444009     4.494898
    6.060000     4.488958     4.315340
    6.070000     4.532112     4.134055
    6.080000     4.573452     3.951117
    6.090000     4.612963     3.766598
    6.100000     4.650629     3.580573
    6.110000     4.686435     3.393116
    6.120000     4.720366     3.204301
    6.130000     4.752409     3.014205
    6.140000     4.782551     2.822903
    6.150000     4.810780     2.630472
    6.160000     4.837085     2.436988
    6.170000     4.861455     2.242530
    6.180000     4.883880     2.047175
    6.190000     4.904352     1.851001
    6.200000     4.922862     1.654086
    6.210000     4.939403     1.456510
    6.220000     4.953968     1.258351
    6.230000     4.966552     1.059689
    6.240000     4.977148     0.860603
    6.250000     4.985755     0.661173
    6.260000     4.992366     0.461479
    6.270000     4.996981     0.261599
    6.280000     4.999597     0.061615
    6.290000     5.000213    -0.138393
    6.300000     4.998829    -0.338346
    6.310000     4.995446    -0.538164
    6.320000     4.990064    -0.737767
    6.330000     4.982686    -0.937074
    6.340000     4.973316    -1.136007
    6.350000     4.961956    -1.334485
    6.360000     4.948611    -1.532429
    6.370000     4.933287    -1.729761
    6.380000     4.915989    -1.926400
    6.390000     4.896725    -2.122269
    6.400000     4.875502    -2.317290
    6.410000     4.852329    -2.511383
    6.420000     4.827215    -2.704471
    6.430000     4.800171    -2.896478
    6.440000     4.771206    -3.087326
    6.450000     4.740333    -3.276940
    6.460000     4.707563    -3.465242
    6.470000     4.672911    -3.652159
    6.480000     4.636389    -3.837614
    6.490000     4.598013    -4.021535
    6.500000     4.557798    -4.203847
    6.510000     4.515759    -4.384477
    6.520000     4.471915    -4.563354
    6.530000     4.426281    -4.740405
    6.540000     4.378877    -4.915560
    6.550000     4.329721    -5.088749
    6.560000     4.278834    -5.259902
    6.570000     4.226235    -5.428952
    6.580000     4.171945    -5.595829
    6.590000     4.115987    -5.760469
    6.600000     4.058382    -5.922804
    6.610000     3.999154    -6.082770
    6.620000     3.938327    -6.240303
    6.630000     3.875924    -6.395340
    6.640000     3.811970    -6.547819
    6.650000     3.746492    -6.697679
    6.660000     3.679515    -6.844859
    6.670000     3.611067    -6.989302
    6.680000     3.541174    -7.130949
    6.690000     3.469864    -7.269744
    6.700000     3.397167    -7.405630
    6.710000     3.323110    -7.538555
    6.720000     3.247725    -7.668464
    6.730000     3.171040    -7.795305
    6.740000     3.093087    -7.919029
    6.750000     3.013897    -8.039585
    6.760000     2.933501    -8.156925
    6.770000     2.851932    -8.271002
    6.780000     2.769222    -8.381771
    6.790000     2.685404    -8.489187
    6.800000     2.600512    -8.593208
    6.810000     2.514580    -8.693791
    6.820000     2.427642    -8.790896
    6.830000     2.339733    -8.884486
    6.840000     2.250888    -8.974521
    6.850000     2.161143    -9.060967
    6.860000     2.070533    -9.143788
    6.870000     1.979096    -9.222952
    6.880000     1.886866    -9.298427
    6.890000     1.793882    -9.370182
    6.900000     1.700180    -9.438189
    6.910000     1.605798    -9.502421
    6.920000     1.510774    -9.562852
    6.930000     1.415145    -9.619458
    6.940000     1.318951    -9.672216
    6.950000     1.222229    -9.721105
    6.960000     1.125018    -9.766106
    6.970000     1.027357    -9.807200
    6.980000     0.929285    -9.844371
    6.990000     0.830841    -9.877605
    7.000000     0.732065    -9.906888
    7.010000     0.632996    -9.932208
    7.020000     0.533674    -9.953554
    7.030000     0.434138    -9.970920
    7.040000     0.334429    -9.984297
    7.050000     0.234586    -9.993681
    7.060000     0.134649    -9.999067
    7.070000     0.034659   -10.000453
    7.080000    -0.065346    -9.997839
    7.090000    -0.165324    -9.991226
    7.100000    -0.265237    -9.980617
    7.110000    -0.365043    -9.966015
    7.120000    -0.464703    -9.947427
    7.130000    -0.564177    -9.924860
    7.140000    -0.663426    -9.898323
    7.150000    -0.762409    -9.867826
    7.160000    -0.861087    -9.833383
    7.170000    -0.959421    -9.795006
    7.180000    -1.057371    -9.752711
    7.190000    -1.154898    -9.706515
    7.200000    -1.251963    -9.656437
    7.210000    -1.348528    -9.602496
    7.220000    -1.444553    -9.544714
    7.230000    -1.540000    -9.483114
    7.240000    -1.634831    -9.417720
    7.250000    -1.729008    -9.348560
    7.260000    -1.822494    -9.275660
    7.270000    -1.915250    -9.199050
    7.280000    -2.007241    -9.118761
    7.290000    -2.098429    -9.034823
    7.300000    -2.188777    -8.947272
    7.310000    -2.278249    -8.856142
    7.320000    -2.366811    -8.761470
    7.330000    -2.454426    -8.663293
    7.340000    -2.541059    -8.561651
    7.350000    -2.626675    -8.456584
    7.360000    -2.711241    -8.348134
    7.370000    -2.794722    -8.236345
    7.380000    -2.877086    -8.121262
    7.390000    -2.958298    -8.002930
    7.400000    -3.038328    -7.881397
    7.410000    -3.117142    -7.756711
    7.420000    -3.194709    -7.628923
    7.430000    -3.270998    -7.498083
    7.440000    -3.345979    -7.364244
    7.450000    -3.419621    -7.227459
    7.460000    -3.491896    -7.087783
    7.470000    -3.562774    -6.945272
    7.480000    -3.632226    -6.799983
    7.490000    -3.700226    -6.651974
    7.500000    -3.766746    -6.501304
    7.510000    -3.831759    -6.348034
    7.520000    -3.895239    -6.192224
    7.530000    -3.957161    -6.033938
    7.540000    -4.017501    -5.873238
    7.550000    -4.076233    -5.710188
    7.560000    -4.133335    -5.544855
    7.570000    -4.188784    -5.377303
    7.580000    -4.242557    -5.207601
    7.590000    -4.294633    -5.035816
    7.600000    -4.344991    -4.862016
    7.610000    -4.393611    -4.686272
    7.620000    -4.440474    -4.508653
    7.630000    -4.485560    -4.329230
    7.640000    -4.528853    -4.148076
    7.650000    -4.570333    -3.965263
    7.660000    -4.609986    -3.780864
    7.670000    -4.647795    -3.594952
    7.680000    -4.683744    -3.407602
    7.690000    -4.717820    -3.218889
    7.700000    -4.750009    -3.028889
    7.710000    -4.780298    -2.837677
    7.720000    -4.808675    -2.645330
    7.730000    -4.835128    -2.451925
    7.740000    -4.859647    -2.257539
    7.750000    -4.882223    -2.062250
    7.760000    -4.902845    -1.866136
    7.770000    -4.921506    -1.669276
    7.780000    -4.938199    -1.471748
    7.790000    -4.952917    -1.273631
    7.800000    -4.965653    -1.075005
    7.810000    -4.976403    -0.875949
    7.820000    -4.985163    -0.676543
    7.830000    -4.991928    -0.476866
    7.840000    -4.996697    -0.276998
    7.850000    -4.999467    -0.077019
    7.860000    -5.000237     0.122990
    7.870000    -4.999007     0.322951
    7.880000    -4.995777     0.522782
    7.890000    -4.990550     0.722404
    7.900000    -4.983326     0.921737
    7.910000    -4.974108     1.120701
    7.920000    -4.962901     1.319217
    7.930000    -4.949709     1.517206
    7.940000    -4.934537     1.714587
    7.950000    -4.917391     1.911283
    7.960000    -4.898278     2.107214
    7.970000    -4.877206     2.302302
    7.980000    -4.854183     2.496469
    7.990000    -4.829218     2.689638
    8.000000    -4.802322     2.881731
    8.010000    -4.773505     3.072671
    8.020000    -4.742778     3.262382
    8.030000    -4.710154     3.450789
    8.040000    -4.675646     3.637814
    8.050000    -4.639268     3.823385
    8.060000    -4.601034     4.007426
    8.070000    -4.560960     4.189865
    8.080000    -4.519061     4.370627
    8.090000    -4.475355     4.549642
    8.100000    -4.429859     4.726836
    8.110000    -4.382590     4.902139
    8.120000    -4.333569     5.075482
    8.130000    -4.282814     5.246795
    8.140000    -4.230346     5.416009
    8.150000    -4.176186     5.583056
    8.160000    -4.120356     5.747870
    8.170000    -4.062877     5.910385
    8.180000    -4.003773     6.070536
    8.190000    -3.943068     6.228259
    8.200000    -3.880785     6.383490
    8.210000    -3.816950     6.536168
    8.220000    -3.751588     6.686232
    8.230000    -3.684726     6.833621
    8.240000    -3.616390     6.978277
    8.250000    -3.546607     7.120141
    8.260000    -3.475406     7.259157
    8.270000    -3.402814     7.395270
    8.280000    -3.328861     7.528424
    8.290000    -3.253577     7.658567
    8.300000    -3.176992     7.785647
    8.310000    -3.099135     7.909612
    8.320000    -3.020039     8.030414
    8.330000    -2.939735     8.148003
    8.340000    -2.858255     8.262333
    8.350000    -2.775631     8.373359
    8.360000    -2.691898     8.481035
    8.370000    -2.607087     8.585318
    8.380000    -2.521234     8.686167
    8.390000    -2.434373     8.783542
    8.400000    -2.346537     8.877404
    8.410000    -2.257763     8.967714
    8.420000    -2.168086     9.054438
    8.430000    -2.077542     9.137539
    8.440000    -1.986166     9.216986
    8.450000    -1.893996     9.292746
    8.460000    -1.801069     9.364789
    8.470000    -1.707421     9.433086
    8.480000    -1.613090     9.497609
    8.490000    -1.518114     9.558334
    8.500000    -1.422531     9.615235
    8.510000    -1.326378     9.668290
    8.520000    -1.229696     9.717478
    8.530000    -1.132521     9.762779
    8.540000    -1.034893     9.804174
    8.550000    -0.936851     9.841649
    8.560000    -0.838435     9.875186
    8.570000    -0.739683     9.904773
    8.580000    -0.640635     9.930399
    8.590000    -0.541331     9.952052
    8.600000    -0.441811     9.969724
    8.610000    -0.342113     9.983409
    8.620000    -0.242279     9.993100
    8.630000    -0.142348     9.998794
    8.640000    -0.042360    10.000488
    8.650000     0.057645     9.998183
    8.660000     0.157626     9.991878
    8.670000     0.257545     9.981576
    8.680000     0.357361     9.967281
    8.690000     0.457034     9.949000
    8.700000     0.556524     9.926739
    8.710000     0.655791     9.900507
    8.720000     0.754796     9.870315
    8.730000     0.853499     9.836176
    8.740000     0.951861     9.798101
    8.750000     1.049842     9.756107
    8.760000     1.147403     9.710211
    8.770000     1.244505     9.660431
    8.780000     1.341110     9.606787
    8.790000     1.437177     9.549300
    8.800000     1.532670     9.487993
    8.810000     1.627550     9.422891
    8.820000     1.721779     9.354020
    8.830000     1.815319     9.281407
    8.840000     1.908134     9.205081
    8.850000     2.000184     9.125074
    8.860000     2.091435     9.041417
    8.870000     2.181849     8.954143
    8.880000     2.271391     8.863287
    8.890000     2.360024     8.768886
    8.900000     2.447712     8.670978
    8.910000     2.534422     8.569601
    8.920000     2.620118     8.464796
    8.930000     2.704766     8.356605
    8.940000     2.788332     8.245072
    8.950000     2.870783     8.130241
    8.960000     2.952085     8.012157
    8.970000     3.032207     7.890869
    8.980000     3.111116     7.766424
    8.990000     3.188780     7.638873
    9.000000     3.265169     7.508267
    9.010000     3.340251     7.374656
    9.020000     3.413998     7.238097
    9.030000     3.486379     7.098641
    9.040000     3.557365     6.956347
    9.050000     3.626929     6.811270
    9.060000     3.695041     6.663468
    9.070000     3.761676     6.513001
    9.080000     3.826806     6.359929
    9.090000     3.890405     6.204312
    9.100000     3.952448     6.046215
    9.110000     4.012911     5.885698
    9.120000     4.071768     5.722827
    9.130000     4.128996     5.557668
    9.140000     4.184573     5.390285
    9.150000     4.238475     5.220746
    9.160000     4.290683     5.049118
    9.170000     4.341174     4.875471
    9.180000     4.389929     4.699874
    9.190000     4.436927     4.522397
    9.200000     4.482151     4.343111
    9.210000     4.525583     4.162088
    9.220000     4.567203     3.979400
    9.230000     4.606997     3.795120
    9.240000     4.644949     3.609322
    9.250000     4.681042     3.422080
    9.260000     4.715263     3.233470
    9.270000     4.747597     3.043566
    9.280000     4.778033     2.852444
    9.290000     4.806557     2.660182
    9.300000     4.833159     2.466856
    9.310000     4.857828     2.272543
    9.320000     4.880553     2.077320
    9.330000     4.901326     1.881267
    9.340000     4.920139     1.684462
    9.350000     4.936984     1.486983
    9.360000     4.951854     1.288908
    9.370000     4.964743     1.090319
    9.380000     4.975646     0.891293
    9.390000     4.984559     0.691910
    9.400000     4.991478     0.492251
    9.410000     4.996400     0.292395
    9.420000     4.999324     0.092422
    9.430000     5.000249    -0.107588
    9.440000     4.999173    -0.307554
    9.450000     4.996097    -0.507398
    9.460000     4.991023    -0.707039
    9.470000     4.983953    -0.906397
    9.480000     4.974889    -1.105393
    9.490000     4.963835    -1.303946
    9.500000     4.950795    -1.501978
    9.510000     4.935776    -1.699409
    9.520000     4.918782    -1.896160
    9.530000     4.899820    -2.092153
    9.540000     4.878898    -2.287309
    9.550000     4.856025    -2.481550
    9.560000     4.831210    -2.674799
    9.570000     4.804462    -2.866977
    9.580000     4.775792    -3.058009
    9.590000     4.745212    -3.247817
    9.600000     4.712734    -3.436327
    9.610000     4.678371    -3.623461
    9.620000     4.642136    -3.809147
    9.630000     4.604044    -3.993309
    9.640000     4.564111    -4.175873
    9.650000     4.522353    -4.356767
    9.660000     4.478785    -4.535919
    9.670000     4.433426    -4.713256
    9.680000     4.386293    -4.888707
    9.690000     4.337406    -5.062204
    9.700000     4.286784    -5.233675
    9.710000     4.234447    -5.403053
    9.720000     4.180417    -5.570270
    9.730000     4.124714    -5.735258
    9.740000     4.067362    -5.897953
    9.750000     4.008382    -6.058288
    9.760000     3.947799    -6.216200
    9.770000     3.885637    -6.371625
    9.780000     3.821921    -6.524502
    9.790000     3.756676    -6.674769
    9.800000     3.689928    -6.822366
    9.810000     3.621705    -6.967234
    9.820000     3.552032    -7.109316
    9.830000     3.480939    -7.248553
    9.840000     3.408453    -7.384891
    9.850000     3.334605    -7.518276
    9.860000     3.259422    -7.648652
    9.870000     3.182935    -7.775970
    9.880000     3.105176    -7.900177
    9.890000     3.026174    -8.021224
    9.900000     2.945962    -8.139062
    9.910000     2.864571    -8.253645
    9.920000     2.782035    -8.364927
    9.930000     2.698385    -8.472862
    9.940000     2.613657    -8.577408
    9.950000     2.527883    -8.678524
    9.960000     2.441097    -8.776167
    9.970000     2.353336    -8.870301
    9.980000     2.264633    -8.960886
    9.990000     2.175024    -9.047887
   10.000000     2.084545    -9.131269